3897
3087
1032
1742
1110
3762
3888
2369
433
1250
2844
3378
1363
764
2145
4843
26
4340
2122
3610
3937
1646
4533
185
2386
2784
1489
4405
2529
783
1169
633
3226
3460
202
2701
1520
2440
4047
3589
1544
3627
3327
3742
3168
2562
2761
2462
130
676
4771
802
3852
888
1516
2343
4899
563
2395
1650
885
3425
3555
2674
294
2955
2354
1643
4741
3952
3736
598
1175
4633
942
3987
1473
3310
726
2630
4171
2301
459
2553
1458
850
3480
1055
1184
2358
2867
2918
890
4168
230
2505
2417
1121
1616
1751
2901
4770
3207
2671
4477
2211
3452
4282
315
1823
2242
1299
595
4749
1930
1099
4795
2151
4096
770
4312
2757
17
1340
4600
4744
3909
198